100 5
0.00 30.00 76.00 77.00 105.00 136.00 113.00 119.00 105.00 162.00 103.00 113.00 110.00 151.00 150.00 190.00 191.00 147.00 122.00 133.00 119.00 138.00 115.00 60.00 58.00 26.00 103.00 35.00 6.00 65.00 141.00 52.00 102.00 142.00 120.00 159.00 99.00 120.00 178.00 215.00 152.00 107.00 153.00 169.00 124.00 184.00 199.00 161.00 141.00 119.00 143.00 127.00 185.00 171.00 78.00 115.00 102.00 131.00 123.00 125.00 157.00 168.00 219.00 182.00 163.00 202.00 191.00 105.00 177.00 139.00 128.00 126.00 118.00 214.00 174.00 192.00 231.00 141.00 133.00 166.00 85.00 143.00 156.00 191.00 132.00 160.00 134.00 110.00 173.00 127.00 141.00 192.00 168.00 102.00 31.00 82.00 157.00 108.00 77.00 88.00
30.00 0.00 46.00 47.00 75.00 106.00 83.00 122.00 123.00 192.00 133.00 143.00 140.00 122.00 121.00 199.00 185.00 177.00 92.00 122.00 136.00 140.00 145.00 90.00 88.00 56.00 74.00 65.00 36.00 95.00 171.00 82.00 92.00 132.00 90.00 184.00 129.00 150.00 195.00 232.00 182.00 137.00 183.00 171.00 94.00 154.00 193.00 179.00 112.00 90.00 145.00 129.00 188.00 180.00 108.00 145.00 132.00 125.00 105.00 95.00 127.00 138.00 189.00 212.00 193.00 173.00 161.00 75.00 147.00 163.00 98.00 96.00 88.00 184.00 174.00 192.00 201.00 111.00 103.00 136.00 115.00 173.00 186.00 221.00 162.00 170.00 124.00 100.00 163.00 155.00 141.00 162.00 157.00 132.00 61.00 112.00 183.00 126.00 95.00 118.00
76.00 46.00 0.00 1.00 29.00 60.00 37.00 76.00 77.00 161.00 142.00 144.00 116.00 76.00 75.00 153.00 139.00 140.00 46.00 76.00 90.00 94.00 125.00 70.00 68.00 100.00 28.00 111.00 82.00 141.00 154.00 84.00 46.00 86.00 44.00 138.00 138.00 148.00 149.00 186.00 158.00 113.00 149.00 125.00 48.00 108.00 147.00 133.00 66.00 44.00 99.00 83.00 142.00 134.00 154.00 134.00 108.00 79.00 59.00 49.00 81.00 92.00 143.00 173.00 154.00 127.00 115.00 29.00 101.00 117.00 52.00 50.00 42.00 138.00 128.00 146.00 155.00 65.00 57.00 90.00 124.00 165.00 152.00 197.00 138.00 124.00 78.00 54.00 117.00 109.00 95.00 116.00 111.00 138.00 107.00 116.00 137.00 80.00 49.00 98.00
77.00 47.00 1.00 0.00 28.00 59.00 36.00 75.00 78.00 162.00 141.00 143.00 115.00 75.00 74.00 154.00 138.00 139.00 45.00 75.00 89.00 93.00 126.00 71.00 69.00 101.00 27.00 112.00 83.00 142.00 153.00 85.00 45.00 85.00 43.00 137.00 137.00 147.00 148.00 185.00 157.00 112.00 148.00 124.00 47.00 107.00 146.00 134.00 65.00 43.00 98.00 82.00 141.00 133.00 155.00 133.00 107.00 78.00 58.00 48.00 80.00 91.00 142.00 172.00 153.00 126.00 114.00 28.00 100.00 116.00 51.00 49.00 41.00 137.00 127.00 145.00 156.00 66.00 58.00 89.00 123.00 166.00 153.00 196.00 137.00 123.00 77.00 53.00 116.00 108.00 94.00 115.00 110.00 137.00 108.00 115.00 138.00 81.00 50.00 99.00
105.00 75.00 29.00 28.00 0.00 31.00 8.00 47.00 61.00 145.00 113.00 123.00 105.00 103.00 102.00 182.00 128.00 111.00 17.00 47.00 61.00 65.00 147.00 93.00 95.00 127.00 55.00 140.00 111.00 134.00 181.00 113.00 73.00 103.00 15.00 109.00 109.00 119.00 120.00 157.00 147.00 102.00 148.00 140.00 63.00 123.00 136.00 153.00 93.00 71.00 70.00 54.00 113.00 105.00 160.00 123.00 97.00 68.00 30.00 20.00 52.00 63.00 114.00 144.00 125.00 154.00 142.00 56.00 128.00 144.00 79.00 77.00 69.00 156.00 113.00 152.00 184.00 94.00 86.00 61.00 95.00 149.00 136.00 186.00 127.00 140.00 105.00 81.00 144.00 136.00 122.00 87.00 82.00 155.00 136.00 87.00 162.00 109.00 78.00 127.00
136.00 106.00 60.00 59.00 31.00 0.00 39.00 78.00 92.00 176.00 144.00 154.00 136.00 134.00 133.00 213.00 159.00 142.00 48.00 78.00 92.00 96.00 178.00 124.00 126.00 158.00 86.00 171.00 142.00 165.00 165.00 144.00 104.00 134.00 46.00 140.00 140.00 150.00 151.00 188.00 178.00 133.00 179.00 171.00 94.00 154.00 167.00 184.00 124.00 102.00 101.00 85.00 144.00 136.00 191.00 154.00 128.00 99.00 61.00 51.00 83.00 94.00 83.00 135.00 154.00 185.00 173.00 87.00 159.00 175.00 110.00 108.00 100.00 187.00 144.00 183.00 215.00 125.00 117.00 92.00 126.00 180.00 167.00 217.00 158.00 171.00 136.00 112.00 175.00 167.00 153.00 118.00 113.00 186.00 167.00 118.00 193.00 140.00 109.00 158.00
113.00 83.00 37.00 36.00 8.00 39.00 0.00 39.00 53.00 137.00 105.00 115.00 97.00 111.00 110.00 181.00 120.00 103.00 9.00 39.00 53.00 57.00 139.00 85.00 87.00 119.00 63.00 148.00 119.00 126.00 189.00 116.00 81.00 95.00 7.00 101.00 101.00 111.00 112.00 149.00 139.00 94.00 140.00 132.00 55.00 115.00 128.00 145.00 101.00 79.00 62.00 46.00 105.00 97.00 152.00 115.00 89.00 60.00 22.00 12.00 44.00 55.00 121.00 136.00 117.00 156.00 150.00 64.00 136.00 152.00 87.00 85.00 77.00 148.00 105.00 144.00 192.00 102.00 94.00 53.00 87.00 141.00 128.00 178.00 119.00 132.00 113.00 89.00 152.00 144.00 130.00 79.00 74.00 147.00 141.00 95.00 169.00 112.00 81.00 130.00
119.00 122.00 76.00 75.00 47.00 78.00 39.00 0.00 14.00 98.00 115.00 105.00 77.00 140.00 149.00 210.00 159.00 142.00 48.00 78.00 92.00 42.00 118.00 63.00 61.00 93.00 102.00 142.00 113.00 122.00 166.00 77.00 120.00 134.00 46.00 140.00 119.00 140.00 151.00 186.00 125.00 80.00 126.00 150.00 94.00 154.00 156.00 106.00 96.00 118.00 47.00 31.00 66.00 134.00 148.00 111.00 85.00 99.00 61.00 51.00 83.00 94.00 160.00 136.00 155.00 194.00 189.00 103.00 150.00 191.00 126.00 124.00 116.00 116.00 90.00 129.00 190.00 141.00 133.00 92.00 126.00 102.00 89.00 158.00 99.00 127.00 140.00 128.00 191.00 137.00 123.00 118.00 113.00 186.00 127.00 134.00 130.00 73.00 42.00 91.00
105.00 123.00 77.00 78.00 61.00 92.00 53.00 14.00 0.00 84.00 129.00 119.00 91.00 153.00 152.00 224.00 173.00 156.00 62.00 92.00 106.00 56.00 104.00 49.00 47.00 79.00 105.00 128.00 99.00 136.00 152.00 63.00 113.00 148.00 60.00 154.00 133.00 154.00 165.00 200.00 139.00 94.00 140.00 164.00 108.00 168.00 142.00 92.00 110.00 121.00 61.00 45.00 80.00 148.00 162.00 125.00 99.00 113.00 75.00 65.00 97.00 108.00 174.00 150.00 169.00 197.00 192.00 106.00 164.00 194.00 129.00 127.00 119.00 130.00 104.00 143.00 204.00 142.00 134.00 106.00 140.00 88.00 75.00 154.00 113.00 141.00 145.00 121.00 184.00 151.00 137.00 132.00 127.00 200.00 136.00 148.00 116.00 59.00 28.00 77.00
162.00 192.00 161.00 162.00 145.00 176.00 137.00 98.00 84.00 0.00 59.00 69.00 97.00 160.00 169.00 154.00 181.00 111.00 146.00 125.00 111.00 140.00 188.00 133.00 131.00 163.00 189.00 197.00 168.00 142.00 223.00 147.00 197.00 232.00 144.00 123.00 63.00 84.00 170.00 208.00 145.00 100.00 146.00 125.00 168.00 228.00 202.00 176.00 194.00 200.00 145.00 129.00 164.00 182.00 168.00 131.00 105.00 134.00 159.00 149.00 181.00 140.00 206.00 234.00 253.00 281.00 273.00 187.00 170.00 216.00 181.00 179.00 171.00 214.00 188.00 187.00 248.00 226.00 218.00 168.00 77.00 135.00 148.00 178.00 119.00 147.00 193.00 205.00 268.00 224.00 210.00 216.00 160.00 202.00 131.00 182.00 200.00 143.00 112.00 161.00
103.00 133.00 142.00 141.00 113.00 144.00 105.00 115.00 129.00 59.00 0.00 10.00 38.00 101.00 110.00 95.00 122.00 52.00 96.00 66.00 52.00 139.00 218.00 163.00 161.00 129.00 149.00 138.00 109.00 83.00 164.00 155.00 166.00 195.00 112.00 64.00 4.00 25.00 111.00 149.00 86.00 41.00 87.00 66.00 109.00 169.00 143.00 193.00 163.00 141.00 162.00 146.00 181.00 123.00 109.00 72.00 46.00 75.00 113.00 117.00 148.00 81.00 147.00 199.00 204.00 226.00 214.00 128.00 111.00 157.00 122.00 120.00 112.00 195.00 152.00 128.00 189.00 175.00 167.00 109.00 18.00 76.00 89.00 119.00 60.00 88.00 134.00 158.00 221.00 165.00 151.00 165.00 101.00 143.00 72.00 123.00 198.00 188.00 157.00 191.00
113.00 143.00 144.00 143.00 123.00 154.00 115.00 105.00 119.00 69.00 10.00 0.00 28.00 91.00 100.00 105.00 125.00 62.00 106.00 76.00 62.00 147.00 221.00 166.00 166.00 139.00 139.00 148.00 119.00 73.00 154.00 165.00 156.00 196.00 118.00 74.00 14.00 35.00 121.00 139.00 76.00 31.00 77.00 56.00 99.00 159.00 133.00 183.00 153.00 131.00 152.00 136.00 171.00 113.00 99.00 62.00 36.00 65.00 103.00 113.00 145.00 91.00 157.00 209.00 214.00 216.00 204.00 118.00 101.00 147.00 112.00 110.00 102.00 198.00 157.00 118.00 179.00 173.00 177.00 119.00 28.00 86.00 99.00 109.00 50.00 78.00 124.00 148.00 211.00 155.00 141.00 175.00 111.00 153.00 82.00 133.00 208.00 178.00 147.00 196.00
110.00 140.00 116.00 115.00 105.00 136.00 97.00 77.00 91.00 97.00 38.00 28.00 0.00 63.00 72.00 133.00 97.00 90.00 106.00 104.00 90.00 119.00 193.00 138.00 138.00 124.00 111.00 133.00 104.00 45.00 126.00 150.00 128.00 168.00 90.00 102.00 42.00 63.00 149.00 111.00 48.00 3.00 49.00 73.00 71.00 131.00 105.00 155.00 125.00 103.00 124.00 108.00 143.00 85.00 71.00 34.00 8.00 37.00 75.00 85.00 117.00 119.00 185.00 209.00 190.00 188.00 176.00 90.00 73.00 119.00 84.00 82.00 74.00 170.00 129.00 90.00 151.00 145.00 153.00 136.00 56.00 114.00 127.00 81.00 22.00 50.00 96.00 120.00 183.00 127.00 113.00 165.00 139.00 181.00 110.00 161.00 207.00 150.00 119.00 168.00
151.00 122.00 76.00 75.00 103.00 134.00 111.00 140.00 153.00 160.00 101.00 91.00 63.00 0.00 9.00 109.00 160.00 153.00 120.00 96.00 82.00 151.00 201.00 146.00 144.00 125.00 48.00 143.00 145.00 108.00 108.00 151.00 120.00 160.00 118.00 165.00 105.00 126.00 141.00 174.00 111.00 66.00 112.00 136.00 122.00 182.00 168.00 155.00 62.00 40.00 124.00 140.00 206.00 148.00 134.00 97.00 71.00 100.00 133.00 123.00 155.00 166.00 190.00 213.00 228.00 201.00 189.00 103.00 55.00 128.00 126.00 124.00 116.00 212.00 192.00 153.00 214.00 141.00 133.00 164.00 116.00 174.00 187.00 144.00 85.00 113.00 152.00 128.00 191.00 183.00 169.00 190.00 131.00 206.00 170.00 190.00 213.00 156.00 125.00 174.00
150.00 121.00 75.00 74.00 102.00 133.00 110.00 149.00 152.00 169.00 110.00 100.00 72.00 9.00 0.00 100.00 169.00 162.00 119.00 105.00 91.00 142.00 200.00 145.00 143.00 124.00 47.00 142.00 144.00 117.00 99.00 150.00 119.00 159.00 117.00 174.00 114.00 135.00 150.00 183.00 120.00 75.00 121.00 145.00 121.00 181.00 177.00 146.00 53.00 31.00 115.00 131.00 215.00 157.00 143.00 106.00 80.00 109.00 132.00 122.00 154.00 165.00 181.00 204.00 223.00 200.00 188.00 102.00 46.00 119.00 125.00 123.00 115.00 211.00 190.00 162.00 223.00 140.00 132.00 163.00 125.00 183.00 196.00 153.00 94.00 122.00 151.00 127.00 190.00 182.00 168.00 189.00 140.00 211.00 179.00 189.00 212.00 155.00 124.00 173.00
190.00 199.00 153.00 154.00 182.00 213.00 181.00 210.00 224.00 154.00 95.00 105.00 133.00 109.00 100.00 0.00 98.00 97.00 183.00 153.00 139.00 217.00 278.00 223.00 221.00 216.00 147.00 225.00 196.00 178.00 199.00 235.00 185.00 225.00 188.00 151.00 91.00 70.00 159.00 195.00 181.00 136.00 182.00 161.00 201.00 261.00 226.00 246.00 153.00 131.00 215.00 227.00 211.00 143.00 204.00 167.00 141.00 158.00 196.00 193.00 193.00 126.00 192.00 244.00 263.00 280.00 268.00 182.00 146.00 219.00 205.00 203.00 195.00 212.00 169.00 187.00 194.00 104.00 96.00 154.00 105.00 163.00 176.00 214.00 155.00 178.00 153.00 177.00 231.00 150.00 136.00 188.00 188.00 213.00 159.00 210.00 285.00 233.00 202.00 251.00
191.00 185.00 139.00 138.00 128.00 159.00 120.00 159.00 173.00 181.00 122.00 125.00 97.00 160.00 169.00 98.00 0.00 70.00 129.00 159.00 166.00 153.00 216.00 161.00 163.00 195.00 165.00 214.00 185.00 126.00 212.00 208.00 158.00 198.00 113.00 178.00 118.00 97.00 144.00 97.00 139.00 94.00 140.00 164.00 131.00 173.00 128.00 178.00 203.00 181.00 158.00 142.00 113.00 45.00 138.00 115.00 89.00 60.00 98.00 108.00 140.00 153.00 219.00 232.00 213.00 248.00 236.00 150.00 159.00 172.00 107.00 105.00 97.00 163.00 170.00 181.00 242.00 175.00 183.00 159.00 132.00 190.00 203.00 167.00 108.00 80.00 126.00 150.00 213.00 157.00 143.00 195.00 194.00 220.00 185.00 215.00 270.00 213.00 182.00 231.00
147.00 177.00 140.00 139.00 111.00 142.00 103.00 142.00 156.00 111.00 52.00 62.00 90.00 153.00 162.00 97.00 70.00 0.00 94.00 110.00 96.00 148.00 230.00 188.00 190.00 173.00 166.00 182.00 153.00 135.00 216.00 199.00 182.00 198.00 110.00 108.00 48.00 27.00 116.00 163.00 138.00 93.00 139.00 118.00 158.00 218.00 195.00 245.00 204.00 182.00 165.00 149.00 183.00 115.00 161.00 124.00 98.00 127.00 125.00 115.00 147.00 83.00 149.00 201.00 220.00 259.00 253.00 167.00 163.00 209.00 174.00 172.00 164.00 143.00 100.00 139.00 200.00 165.00 173.00 153.00 62.00 120.00 133.00 171.00 112.00 140.00 150.00 174.00 228.00 147.00 133.00 164.00 145.00 179.00 116.00 167.00 242.00 215.00 184.00 233.00
122.00 92.00 46.00 45.00 17.00 48.00 9.00 48.00 62.00 146.00 96.00 106.00 106.00 120.00 119.00 183.00 129.00 94.00 0.00 30.00 44.00 66.00 148.00 94.00 96.00 128.00 72.00 157.00 128.00 135.00 198.00 125.00 90.00 104.00 16.00 110.00 92.00 113.00 103.00 150.00 148.00 103.00 149.00 141.00 64.00 124.00 137.00 154.00 110.00 88.00 71.00 55.00 114.00 106.00 161.00 124.00 98.00 69.00 31.00 21.00 53.00 64.00 130.00 145.00 126.00 165.00 159.00 73.00 145.00 161.00 96.00 94.00 86.00 157.00 114.00 153.00 201.00 111.00 103.00 62.00 78.00 136.00 137.00 187.00 128.00 141.00 122.00 98.00 161.00 136.00 122.00 70.00 65.00 140.00 132.00 104.00 178.00 121.00 90.00 139.00
133.00 122.00 76.00 75.00 47.00 78.00 39.00 78.00 92.00 125.00 66.00 76.00 104.00 96.00 105.00 153.00 159.00 110.00 30.00 0.00 14.00 96.00 178.00 124.00 126.00 158.00 102.00 168.00 139.00 147.00 204.00 155.00 120.00 134.00 46.00 122.00 62.00 83.00 73.00 120.00 152.00 107.00 153.00 132.00 94.00 154.00 167.00 184.00 140.00 118.00 101.00 85.00 144.00 136.00 149.00 138.00 112.00 99.00 61.00 51.00 83.00 94.00 160.00 175.00 156.00 195.00 189.00 103.00 151.00 191.00 126.00 124.00 116.00 187.00 144.00 162.00 223.00 141.00 133.00 92.00 48.00 106.00 119.00 185.00 126.00 154.00 152.00 128.00 191.00 165.00 151.00 99.00 35.00 110.00 102.00 134.00 208.00 151.00 120.00 169.00
119.00 136.00 90.00 89.00 61.00 92.00 53.00 92.00 106.00 111.00 52.00 62.00 90.00 82.00 91.00 139.00 166.00 96.00 44.00 14.00 0.00 87.00 169.00 138.00 140.00 145.00 116.00 154.00 125.00 133.00 190.00 169.00 134.00 148.00 60.00 108.00 48.00 69.00 59.00 106.00 138.00 93.00 139.00 118.00 108.00 168.00 181.00 198.00 144.00 122.00 114.00 98.00 158.00 150.00 135.00 124.00 98.00 113.00 75.00 65.00 97.00 108.00 174.00 189.00 170.00 209.00 203.00 117.00 137.00 205.00 140.00 138.00 130.00 178.00 135.00 148.00 209.00 155.00 147.00 106.00 34.00 92.00 105.00 171.00 112.00 140.00 166.00 142.00 205.00 179.00 165.00 113.00 49.00 124.00 88.00 139.00 214.00 165.00 134.00 183.00
138.00 140.00 94.00 93.00 65.00 96.00 57.00 42.00 56.00 140.00 139.00 147.00 119.00 151.00 142.00 217.00 153.00 148.00 66.00 96.00 87.00 0.00 82.00 105.00 103.00 135.00 120.00 173.00 144.00 159.00 208.00 119.00 130.00 138.00 50.00 144.00 135.00 156.00 146.00 182.00 129.00 122.00 168.00 165.00 88.00 148.00 161.00 148.00 133.00 111.00 27.00 11.00 96.00 130.00 154.00 148.00 122.00 93.00 55.00 45.00 77.00 112.00 168.00 116.00 135.00 174.00 186.00 107.00 179.00 205.00 140.00 138.00 130.00 91.00 48.00 87.00 148.00 113.00 121.00 96.00 121.00 144.00 131.00 200.00 141.00 144.00 98.00 122.00 176.00 95.00 81.00 133.00 131.00 158.00 107.00 152.00 172.00 115.00 84.00 133.00
115.00 145.00 125.00 126.00 147.00 178.00 139.00 118.00 104.00 188.00 218.00 221.00 193.00 201.00 200.00 278.00 216.00 230.00 148.00 178.00 169.00 82.00 0.00 55.00 57.00 89.00 153.00 138.00 109.00 168.00 200.00 111.00 161.00 201.00 132.00 226.00 214.00 235.00 228.00 245.00 211.00 190.00 236.00 228.00 151.00 211.00 210.00 160.00 191.00 169.00 109.00 93.00 178.00 193.00 193.00 211.00 185.00 156.00 118.00 127.00 159.00 194.00 250.00 198.00 217.00 245.00 240.00 154.00 226.00 242.00 177.00 175.00 167.00 173.00 130.00 169.00 230.00 190.00 182.00 178.00 200.00 192.00 179.00 258.00 215.00 226.00 180.00 169.00 232.00 177.00 163.00 215.00 213.00 217.00 146.00 197.00 164.00 107.00 76.00 125.00
60.00 90.00 70.00 71.00 93.00 124.00 85.00 63.00 49.00 133.00 163.00 166.00 138.00 146.00 145.00 223.00 161.00 188.00 94.00 124.00 138.00 105.00 55.00 0.00 2.00 34.00 98.00 83.00 54.00 113.00 145.00 56.00 106.00 146.00 78.00 172.00 159.00 180.00 197.00 190.00 180.00 135.00 181.00 173.00 96.00 156.00 155.00 105.00 136.00 114.00 110.00 94.00 129.00 138.00 138.00 156.00 130.00 101.00 63.00 73.00 105.00 140.00 206.00 197.00 178.00 190.00 185.00 99.00 171.00 187.00 122.00 120.00 112.00 179.00 153.00 192.00 225.00 135.00 127.00 124.00 145.00 137.00 124.00 203.00 160.00 173.00 138.00 114.00 177.00 169.00 155.00 164.00 159.00 162.00 91.00 142.00 109.00 52.00 21.00 70.00
58.00 88.00 68.00 69.00 95.00 126.00 87.00 61.00 47.00 131.00 161.00 166.00 138.00 144.00 143.00 221.00 163.00 190.00 96.00 126.00 140.00 103.00 57.00 2.00 0.00 32.00 96.00 81.00 52.00 111.00 143.00 54.00 104.00 144.00 80.00 174.00 157.00 178.00 199.00 192.00 182.00 137.00 183.00 175.00 98.00 158.00 153.00 103.00 134.00 112.00 108.00 92.00 127.00 140.00 136.00 158.00 132.00 103.00 65.00 75.00 107.00 142.00 208.00 197.00 180.00 188.00 183.00 97.00 169.00 185.00 120.00 118.00 110.00 177.00 151.00 190.00 223.00 133.00 125.00 126.00 143.00 135.00 122.00 201.00 160.00 175.00 136.00 112.00 175.00 167.00 153.00 166.00 161.00 160.00 89.00 140.00 107.00 50.00 19.00 68.00
26.00 56.00 100.00 101.00 127.00 158.00 119.00 93.00 79.00 163.00 129.00 139.00 124.00 125.00 124.00 216.00 195.00 173.00 128.00 158.00 145.00 135.00 89.00 34.00 32.00 0.00 77.00 49.00 20.00 79.00 115.00 26.00 76.00 116.00 112.00 185.00 125.00 146.00 204.00 224.00 166.00 121.00 167.00 191.00 130.00 190.00 185.00 135.00 115.00 93.00 140.00 124.00 159.00 172.00 104.00 141.00 116.00 135.00 97.00 107.00 139.00 174.00 197.00 208.00 189.00 220.00 215.00 129.00 168.00 153.00 152.00 150.00 142.00 201.00 158.00 176.00 237.00 157.00 157.00 158.00 111.00 167.00 154.00 205.00 146.00 154.00 108.00 84.00 147.00 139.00 125.00 177.00 193.00 128.00 57.00 108.00 139.00 82.00 51.00 100.00
103.00 74.00 28.00 27.00 55.00 86.00 63.00 102.00 105.00 189.00 149.00 139.00 111.00 48.00 47.00 147.00 165.00 166.00 72.00 102.00 116.00 120.00 153.00 98.00 96.00 77.00 0.00 95.00 97.00 156.00 146.00 103.00 72.00 112.00 70.00 164.00 153.00 174.00 175.00 212.00 159.00 114.00 160.00 151.00 74.00 134.00 173.00 131.00 38.00 16.00 100.00 109.00 168.00 160.00 181.00 145.00 119.00 105.00 85.00 75.00 107.00 118.00 169.00 189.00 180.00 153.00 141.00 55.00 93.00 143.00 78.00 76.00 68.00 164.00 154.00 172.00 183.00 93.00 85.00 116.00 150.00 193.00 180.00 192.00 133.00 150.00 104.00 80.00 143.00 135.00 121.00 142.00 137.00 164.00 134.00 142.00 165.00 108.00 77.00 126.00
35.00 65.00 111.00 112.00 140.00 171.00 148.00 142.00 128.00 197.00 138.00 148.00 133.00 143.00 142.00 225.00 214.00 182.00 157.00 168.00 154.00 173.00 138.00 83.00 81.00 49.00 95.00 0.00 29.00 88.00 164.00 75.00 125.00 165.00 155.00 194.00 134.00 155.00 213.00 238.00 175.00 130.00 176.00 200.00 159.00 219.00 222.00 184.00 133.00 111.00 178.00 162.00 208.00 206.00 113.00 150.00 125.00 154.00 146.00 156.00 188.00 203.00 246.00 217.00 198.00 237.00 226.00 140.00 188.00 162.00 163.00 161.00 153.00 249.00 207.00 217.00 266.00 176.00 168.00 201.00 120.00 178.00 191.00 214.00 155.00 183.00 157.00 133.00 196.00 162.00 174.00 226.00 203.00 137.00 66.00 117.00 188.00 131.00 100.00 123.00
6.00 36.00 82.00 83.00 111.00 142.00 119.00 113.00 99.00 168.00 109.00 119.00 104.00 145.00 144.00 196.00 185.00 153.00 128.00 139.00 125.00 144.00 109.00 54.00 52.00 20.00 97.00 29.00 0.00 59.00 135.00 46.00 96.00 136.00 126.00 165.00 105.00 126.00 184.00 209.00 146.00 101.00 147.00 171.00 130.00 190.00 193.00 155.00 135.00 113.00 149.00 133.00 179.00 177.00 84.00 121.00 96.00 125.00 117.00 127.00 159.00 174.00 217.00 188.00 169.00 208.00 197.00 111.00 177.00 133.00 134.00 132.00 124.00 220.00 178.00 188.00 237.00 147.00 139.00 172.00 91.00 149.00 162.00 185.00 126.00 154.00 128.00 104.00 167.00 133.00 145.00 197.00 174.00 108.00 37.00 88.00 159.00 102.00 71.00 94.00
65.00 95.00 141.00 142.00 134.00 165.00 126.00 122.00 136.00 142.00 83.00 73.00 45.00 108.00 117.00 178.00 126.00 135.00 135.00 147.00 133.00 159.00 168.00 113.00 111.00 79.00 156.00 88.00 59.00 0.00 91.00 105.00 155.00 195.00 119.00 147.00 87.00 108.00 192.00 150.00 87.00 42.00 88.00 112.00 110.00 170.00 134.00 184.00 170.00 148.00 164.00 148.00 188.00 130.00 100.00 63.00 37.00 66.00 104.00 114.00 146.00 164.00 173.00 225.00 219.00 227.00 215.00 129.00 118.00 74.00 113.00 111.00 103.00 199.00 168.00 129.00 190.00 190.00 198.00 165.00 99.00 157.00 170.00 126.00 67.00 95.00 141.00 163.00 226.00 172.00 158.00 205.00 182.00 167.00 96.00 147.00 218.00 161.00 130.00 153.00
141.00 171.00 154.00 153.00 181.00 165.00 189.00 166.00 152.00 223.00 164.00 154.00 126.00 108.00 99.00 199.00 212.00 216.00 198.00 204.00 190.00 208.00 200.00 145.00 143.00 115.00 146.00 164.00 135.00 91.00 0.00 89.00 139.00 179.00 192.00 228.00 168.00 189.00 249.00 219.00 174.00 129.00 175.00 199.00 144.00 204.00 225.00 208.00 152.00 130.00 213.00 197.00 232.00 167.00 191.00 154.00 128.00 157.00 177.00 187.00 215.00 148.00 82.00 134.00 153.00 192.00 204.00 125.00 53.00 126.00 191.00 193.00 194.00 264.00 221.00 216.00 277.00 219.00 211.00 238.00 182.00 240.00 227.00 163.00 104.00 132.00 171.00 147.00 210.00 202.00 188.00 240.00 239.00 214.00 172.00 223.00 212.00 155.00 124.00 173.00
52.00 82.00 84.00 85.00 113.00 144.00 116.00 77.00 63.00 147.00 155.00 165.00 150.00 151.00 150.00 235.00 208.00 199.00 125.00 155.00 169.00 119.00 111.00 56.00 54.00 26.00 103.00 75.00 46.00 105.00 89.00 0.00 50.00 90.00 123.00 211.00 151.00 172.00 228.00 215.00 192.00 147.00 193.00 209.00 132.00 192.00 169.00 119.00 127.00 119.00 124.00 108.00 143.00 163.00 130.00 167.00 142.00 157.00 119.00 128.00 160.00 171.00 171.00 213.00 203.00 204.00 199.00 113.00 142.00 179.00 136.00 134.00 126.00 175.00 132.00 150.00 211.00 131.00 139.00 169.00 137.00 151.00 138.00 215.00 156.00 128.00 82.00 58.00 121.00 113.00 99.00 151.00 190.00 142.00 83.00 134.00 123.00 66.00 35.00 84.00
102.00 92.00 46.00 45.00 73.00 104.00 81.00 120.00 113.00 197.00 166.00 156.00 128.00 120.00 119.00 185.00 158.00 182.00 90.00 120.00 134.00 130.00 161.00 106.00 104.00 76.00 72.00 125.00 96.00 155.00 139.00 50.00 0.00 40.00 88.00 182.00 170.00 191.00 189.00 165.00 142.00 131.00 177.00 169.00 92.00 152.00 191.00 169.00 77.00 88.00 143.00 127.00 175.00 113.00 180.00 162.00 136.00 123.00 103.00 93.00 125.00 136.00 187.00 172.00 153.00 171.00 159.00 73.00 145.00 161.00 96.00 94.00 86.00 125.00 82.00 100.00 161.00 81.00 89.00 133.00 168.00 201.00 188.00 165.00 106.00 78.00 32.00 8.00 71.00 63.00 49.00 101.00 155.00 92.00 133.00 160.00 173.00 116.00 85.00 134.00
142.00 132.00 86.00 85.00 103.00 134.00 95.00 134.00 148.00 232.00 195.00 196.00 168.00 160.00 159.00 225.00 198.00 198.00 104.00 134.00 148.00 138.00 201.00 146.00 144.00 116.00 112.00 165.00 136.00 195.00 179.00 90.00 40.00 0.00 88.00 182.00 191.00 204.00 207.00 205.00 182.00 171.00 217.00 209.00 132.00 192.00 209.00 209.00 117.00 128.00 143.00 127.00 200.00 153.00 170.00 196.00 170.00 141.00 103.00 93.00 125.00 148.00 184.00 132.00 113.00 152.00 164.00 113.00 185.00 201.00 136.00 134.00 126.00 165.00 122.00 140.00 201.00 121.00 129.00 134.00 177.00 235.00 223.00 205.00 146.00 118.00 72.00 48.00 111.00 103.00 89.00 141.00 127.00 52.00 123.00 174.00 213.00 156.00 125.00 174.00
120.00 90.00 44.00 43.00 15.00 46.00 7.00 46.00 60.00 144.00 112.00 118.00 90.00 118.00 117.00 188.00 113.00 110.00 16.00 46.00 60.00 50.00 132.00 78.00 80.00 112.00 70.00 155.00 126.00 119.00 192.00 123.00 88.00 88.00 0.00 94.00 108.00 118.00 119.00 142.00 132.00 87.00 133.00 125.00 48.00 108.00 121.00 152.00 108.00 86.00 55.00 39.00 112.00 90.00 145.00 108.00 82.00 53.00 15.00 5.00 37.00 62.00 128.00 129.00 110.00 149.00 153.00 67.00 139.00 159.00 94.00 92.00 84.00 141.00 98.00 137.00 198.00 109.00 101.00 46.00 94.00 148.00 135.00 171.00 112.00 125.00 120.00 96.00 159.00 144.00 130.00 86.00 81.00 140.00 135.00 102.00 176.00 119.00 88.00 137.00
159.00 184.00 138.00 137.00 109.00 140.00 101.00 140.00 154.00 123.00 64.00 74.00 102.00 165.00 174.00 151.00 178.00 108.00 110.00 122.00 108.00 144.00 226.00 172.00 174.00 185.00 164.00 194.00 165.00 147.00 228.00 211.00 182.00 182.00 94.00 0.00 60.00 81.00 167.00 213.00 150.00 105.00 151.00 130.00 142.00 202.00 207.00 246.00 202.00 180.00 149.00 133.00 206.00 184.00 173.00 136.00 110.00 139.00 109.00 99.00 131.00 137.00 203.00 223.00 204.00 243.00 247.00 161.00 175.00 221.00 186.00 184.00 176.00 235.00 192.00 192.00 253.00 203.00 195.00 140.00 74.00 132.00 145.00 183.00 124.00 152.00 198.00 190.00 253.00 224.00 215.00 180.00 157.00 199.00 128.00 179.00 254.00 213.00 182.00 231.00
99.00 129.00 138.00 137.00 109.00 140.00 101.00 119.00 133.00 63.00 4.00 14.00 42.00 105.00 114.00 91.00 118.00 48.00 92.00 62.00 48.00 135.00 214.00 159.00 157.00 125.00 153.00 134.00 105.00 87.00 168.00 151.00 170.00 191.00 108.00 60.00 0.00 21.00 107.00 153.00 90.00 45.00 91.00 70.00 113.00 173.00 147.00 197.00 167.00 145.00 162.00 146.00 185.00 127.00 113.00 76.00 50.00 79.00 117.00 113.00 144.00 77.00 143.00 195.00 200.00 230.00 218.00 132.00 115.00 161.00 126.00 124.00 116.00 191.00 148.00 132.00 193.00 171.00 163.00 105.00 14.00 72.00 85.00 123.00 64.00 92.00 138.00 162.00 225.00 164.00 155.00 161.00 97.00 139.00 68.00 119.00 194.00 192.00 161.00 187.00
120.00 150.00 148.00 147.00 119.00 150.00 111.00 140.00 154.00 84.00 25.00 35.00 63.00 126.00 135.00 70.00 97.00 27.00 113.00 83.00 69.00 156.00 235.00 180.00 178.00 146.00 174.00 155.00 126.00 108.00 189.00 172.00 191.00 204.00 118.00 81.00 21.00 0.00 89.00 136.00 111.00 66.00 112.00 91.00 134.00 194.00 168.00 218.00 188.00 166.00 173.00 157.00 206.00 142.00 134.00 97.00 71.00 100.00 133.00 123.00 123.00 56.00 122.00 174.00 193.00 232.00 239.00 153.00 136.00 182.00 147.00 145.00 137.00 170.00 127.00 153.00 214.00 174.00 166.00 126.00 35.00 93.00 106.00 144.00 85.00 113.00 159.00 183.00 246.00 174.00 160.00 182.00 118.00 152.00 89.00 140.00 215.00 213.00 182.00 208.00
178.00 195.00 149.00 148.00 120.00 151.00 112.00 151.00 165.00 170.00 111.00 121.00 149.00 141.00 150.00 159.00 144.00 116.00 103.00 73.00 59.00 146.00 228.00 197.00 199.00 204.00 175.00 213.00 184.00 192.00 249.00 228.00 189.00 207.00 119.00 167.00 107.00 89.00 0.00 47.00 110.00 152.00 198.00 177.00 167.00 227.00 240.00 257.00 203.00 181.00 173.00 157.00 167.00 99.00 192.00 183.00 157.00 172.00 134.00 124.00 156.00 145.00 211.00 248.00 229.00 268.00 262.00 176.00 196.00 264.00 199.00 197.00 189.00 171.00 128.00 89.00 150.00 172.00 180.00 165.00 93.00 151.00 164.00 221.00 162.00 134.00 157.00 181.00 235.00 154.00 140.00 172.00 108.00 183.00 147.00 198.00 273.00 224.00 193.00 242.00
215.00 232.00 186.00 185.00 157.00 188.00 149.00 186.00 200.00 208.00 149.00 139.00 111.00 174.00 183.00 195.00 97.00 163.00 150.00 120.00 106.00 182.00 245.00 190.00 192.00 224.00 212.00 238.00 209.00 150.00 219.00 215.00 165.00 205.00 142.00 213.00 153.00 136.00 47.00 0.00 63.00 108.00 154.00 143.00 160.00 220.00 210.00 260.00 236.00 214.00 187.00 171.00 120.00 52.00 145.00 139.00 113.00 142.00 127.00 137.00 169.00 192.00 258.00 261.00 242.00 277.00 265.00 179.00 166.00 224.00 189.00 187.00 179.00 170.00 144.00 105.00 166.00 182.00 190.00 188.00 140.00 198.00 211.00 174.00 115.00 87.00 133.00 157.00 220.00 164.00 150.00 202.00 155.00 227.00 192.00 243.00 299.00 242.00 211.00 260.00
152.00 182.00 158.00 157.00 147.00 178.00 139.00 125.00 139.00 145.00 86.00 76.00 48.00 111.00 120.00 181.00 139.00 138.00 148.00 152.00 138.00 129.00 211.00 180.00 182.00 166.00 159.00 175.00 146.00 87.00 174.00 192.00 142.00 182.00 132.00 150.00 90.00 111.00 110.00 63.00 0.00 45.00 91.00 80.00 113.00 173.00 147.00 197.00 173.00 151.00 156.00 140.00 174.00 115.00 113.00 76.00 50.00 79.00 117.00 127.00 159.00 167.00 233.00 245.00 231.00 230.00 218.00 132.00 121.00 161.00 126.00 124.00 116.00 124.00 81.00 42.00 103.00 125.00 133.00 177.00 104.00 162.00 175.00 129.00 70.00 98.00 110.00 134.00 188.00 107.00 93.00 145.00 187.00 170.00 158.00 209.00 255.00 198.00 167.00 216.00
107.00 137.00 113.00 112.00 102.00 133.00 94.00 80.00 94.00 100.00 41.00 31.00 3.00 66.00 75.00 136.00 94.00 93.00 103.00 107.00 93.00 122.00 190.00 135.00 137.00 121.00 114.00 130.00 101.00 42.00 129.00 147.00 131.00 171.00 87.00 105.00 45.00 66.00 152.00 108.00 45.00 0.00 46.00 70.00 68.00 128.00 102.00 152.00 128.00 106.00 127.00 111.00 146.00 88.00 68.00 31.00 5.00 34.00 72.00 82.00 114.00 122.00 188.00 206.00 187.00 185.00 173.00 87.00 76.00 116.00 81.00 79.00 71.00 167.00 126.00 87.00 148.00 148.00 156.00 133.00 59.00 117.00 130.00 84.00 25.00 53.00 99.00 123.00 186.00 130.00 116.00 168.00 142.00 184.00 113.00 164.00 210.00 153.00 122.00 171.00
153.00 183.00 149.00 148.00 148.00 179.00 140.00 126.00 140.00 146.00 87.00 77.00 49.00 112.00 121.00 182.00 140.00 139.00 149.00 153.00 139.00 168.00 236.00 181.00 183.00 167.00 160.00 176.00 147.00 88.00 175.00 193.00 177.00 217.00 133.00 151.00 91.00 112.00 198.00 154.00 91.00 46.00 0.00 24.00 101.00 161.00 148.00 198.00 174.00 152.00 173.00 157.00 192.00 134.00 114.00 77.00 51.00 80.00 118.00 128.00 160.00 168.00 234.00 252.00 233.00 218.00 206.00 120.00 122.00 162.00 127.00 125.00 117.00 213.00 172.00 133.00 194.00 194.00 202.00 179.00 105.00 163.00 176.00 130.00 71.00 99.00 145.00 169.00 232.00 176.00 162.00 214.00 188.00 230.00 159.00 210.00 256.00 199.00 168.00 217.00
169.00 171.00 125.00 124.00 140.00 171.00 132.00 150.00 164.00 125.00 66.00 56.00 73.00 136.00 145.00 161.00 164.00 118.00 141.00 132.00 118.00 165.00 228.00 173.00 175.00 191.00 151.00 200.00 171.00 112.00 199.00 209.00 169.00 209.00 125.00 130.00 70.00 91.00 177.00 143.00 80.00 70.00 24.00 0.00 77.00 137.00 172.00 222.00 189.00 167.00 170.00 154.00 216.00 158.00 138.00 101.00 75.00 104.00 110.00 120.00 152.00 147.00 213.00 244.00 225.00 194.00 182.00 96.00 146.00 186.00 151.00 149.00 141.00 204.00 161.00 122.00 183.00 190.00 182.00 171.00 84.00 142.00 155.00 154.00 95.00 123.00 169.00 177.00 240.00 187.00 173.00 211.00 167.00 209.00 138.00 189.00 262.00 205.00 174.00 223.00
124.00 94.00 48.00 47.00 63.00 94.00 55.00 94.00 108.00 168.00 109.00 99.00 71.00 122.00 121.00 201.00 131.00 158.00 64.00 94.00 108.00 88.00 151.00 96.00 98.00 130.00 74.00 159.00 130.00 110.00 144.00 132.00 92.00 132.00 48.00 142.00 113.00 134.00 167.00 160.00 113.00 68.00 101.00 77.00 0.00 60.00 105.00 155.00 112.00 90.00 93.00 77.00 160.00 108.00 136.00 99.00 73.00 71.00 33.00 43.00 75.00 110.00 176.00 167.00 148.00 117.00 105.00 19.00 91.00 163.00 98.00 96.00 88.00 179.00 136.00 155.00 203.00 113.00 105.00 94.00 127.00 185.00 183.00 152.00 93.00 121.00 124.00 100.00 163.00 155.00 141.00 134.00 129.00 184.00 155.00 150.00 185.00 128.00 97.00 146.00
184.00 154.00 108.00 107.00 123.00 154.00 115.00 154.00 168.00 228.00 169.00 159.00 131.00 182.00 181.00 261.00 173.00 218.00 124.00 154.00 168.00 148.00 211.00 156.00 158.00 190.00 134.00 219.00 190.00 170.00 204.00 192.00 152.00 192.00 108.00 202.00 173.00 194.00 227.00 220.00 173.00 128.00 161.00 137.00 60.00 0.00 45.00 95.00 172.00 150.00 153.00 137.00 220.00 168.00 196.00 159.00 133.00 113.00 93.00 103.00 135.00 170.00 236.00 227.00 208.00 177.00 165.00 79.00 151.00 223.00 158.00 156.00 148.00 239.00 196.00 215.00 263.00 173.00 165.00 154.00 187.00 245.00 243.00 212.00 153.00 181.00 184.00 160.00 223.00 215.00 201.00 194.00 189.00 244.00 215.00 210.00 205.00 148.00 157.00 206.00
199.00 193.00 147.00 146.00 136.00 167.00 128.00 156.00 142.00 202.00 143.00 133.00 105.00 168.00 177.00 226.00 128.00 195.00 137.00 167.00 181.00 161.00 210.00 155.00 153.00 185.00 173.00 222.00 193.00 134.00 225.00 169.00 191.00 209.00 121.00 207.00 147.00 168.00 240.00 210.00 147.00 102.00 148.00 172.00 105.00 45.00 0.00 50.00 143.00 165.00 166.00 150.00 222.00 173.00 160.00 123.00 97.00 68.00 106.00 116.00 148.00 183.00 249.00 240.00 221.00 222.00 210.00 124.00 178.00 180.00 115.00 113.00 105.00 201.00 209.00 189.00 250.00 212.00 204.00 167.00 161.00 219.00 217.00 186.00 127.00 155.00 201.00 199.00 262.00 232.00 218.00 207.00 202.00 261.00 207.00 223.00 160.00 103.00 134.00 183.00
161.00 179.00 133.00 134.00 153.00 184.00 145.00 106.00 92.00 176.00 193.00 183.00 155.00 155.00 146.00 246.00 178.00 245.00 154.00 184.00 198.00 148.00 160.00 105.00 103.00 135.00 131.00 184.00 155.00 184.00 208.00 119.00 169.00 209.00 152.00 246.00 197.00 218.00 257.00 260.00 197.00 152.00 198.00 222.00 155.00 95.00 50.00 0.00 93.00 115.00 153.00 137.00 172.00 223.00 210.00 173.00 147.00 118.00 156.00 157.00 189.00 200.00 266.00 242.00 230.00 191.00 203.00 162.00 192.00 230.00 165.00 163.00 155.00 222.00 196.00 235.00 288.00 198.00 190.00 198.00 211.00 180.00 167.00 236.00 177.00 205.00 201.00 177.00 240.00 232.00 218.00 224.00 219.00 261.00 192.00 185.00 110.00 53.00 84.00 133.00
141.00 112.00 66.00 65.00 93.00 124.00 101.00 96.00 110.00 194.00 163.00 153.00 125.00 62.00 53.00 153.00 203.00 204.00 110.00 140.00 144.00 133.00 191.00 136.00 134.00 115.00 38.00 133.00 135.00 170.00 152.00 127.00 77.00 117.00 108.00 202.00 167.00 188.00 203.00 236.00 173.00 128.00 174.00 189.00 112.00 172.00 143.00 93.00 0.00 22.00 106.00 122.00 162.00 190.00 196.00 159.00 133.00 143.00 123.00 113.00 145.00 156.00 207.00 195.00 214.00 191.00 179.00 93.00 99.00 172.00 116.00 114.00 106.00 202.00 159.00 177.00 221.00 131.00 123.00 154.00 178.00 198.00 185.00 206.00 147.00 155.00 109.00 85.00 148.00 140.00 126.00 178.00 175.00 169.00 172.00 180.00 203.00 146.00 115.00 164.00
119.00 90.00 44.00 43.00 71.00 102.00 79.00 118.00 121.00 200.00 141.00 131.00 103.00 40.00 31.00 131.00 181.00 182.00 88.00 118.00 122.00 111.00 169.00 114.00 112.00 93.00 16.00 111.00 113.00 148.00 130.00 119.00 88.00 128.00 86.00 180.00 145.00 166.00 181.00 214.00 151.00 106.00 152.00 167.00 90.00 150.00 165.00 115.00 22.00 0.00 84.00 100.00 184.00 176.00 174.00 137.00 111.00 121.00 101.00 91.00 123.00 134.00 185.00 173.00 192.00 169.00 157.00 71.00 77.00 150.00 94.00 92.00 84.00 180.00 159.00 188.00 199.00 109.00 101.00 132.00 156.00 209.00 196.00 184.00 125.00 153.00 120.00 96.00 159.00 151.00 137.00 158.00 153.00 180.00 150.00 158.00 181.00 124.00 93.00 142.00
143.00 145.00 99.00 98.00 70.00 101.00 62.00 47.00 61.00 145.00 162.00 152.00 124.00 124.00 115.00 215.00 158.00 165.00 71.00 101.00 114.00 27.00 109.00 110.00 108.00 140.00 100.00 178.00 149.00 164.00 213.00 124.00 143.00 143.00 55.00 149.00 162.00 173.00 173.00 187.00 156.00 127.00 173.00 170.00 93.00 153.00 166.00 153.00 106.00 84.00 0.00 16.00 101.00 135.00 159.00 153.00 127.00 98.00 60.00 50.00 82.00 117.00 141.00 89.00 108.00 147.00 159.00 112.00 161.00 210.00 145.00 143.00 135.00 118.00 75.00 114.00 175.00 140.00 148.00 101.00 148.00 149.00 136.00 205.00 146.00 170.00 125.00 149.00 203.00 122.00 108.00 141.00 136.00 169.00 112.00 157.00 177.00 120.00 89.00 138.00
127.00 129.00 83.00 82.00 54.00 85.00 46.00 31.00 45.00 129.00 146.00 136.00 108.00 140.00 131.00 227.00 142.00 149.00 55.00 85.00 98.00 11.00 93.00 94.00 92.00 124.00 109.00 162.00 133.00 148.00 197.00 108.00 127.00 127.00 39.00 133.00 146.00 157.00 157.00 171.00 140.00 111.00 157.00 154.00 77.00 137.00 150.00 137.00 122.00 100.00 16.00 0.00 85.00 119.00 143.00 137.00 111.00 82.00 44.00 34.00 66.00 101.00 157.00 105.00 124.00 163.00 175.00 96.00 168.00 194.00 129.00 127.00 119.00 102.00 59.00 98.00 159.00 124.00 132.00 85.00 132.00 133.00 120.00 189.00 130.00 154.00 109.00 133.00 187.00 106.00 92.00 125.00 120.00 167.00 96.00 141.00 161.00 104.00 73.00 122.00
185.00 188.00 142.00 141.00 113.00 144.00 105.00 66.00 80.00 164.00 181.00 171.00 143.00 206.00 215.00 211.00 113.00 183.00 114.00 144.00 158.00 96.00 178.00 129.00 127.00 159.00 168.00 208.00 179.00 188.00 232.00 143.00 175.00 200.00 112.00 206.00 185.00 206.00 167.00 120.00 174.00 146.00 192.00 216.00 160.00 220.00 222.00 172.00 162.00 184.00 101.00 85.00 0.00 68.00 161.00 177.00 151.00 165.00 127.00 117.00 149.00 160.00 226.00 190.00 209.00 248.00 255.00 169.00 182.00 221.00 156.00 154.00 146.00 50.00 93.00 132.00 193.00 158.00 166.00 158.00 192.00 168.00 155.00 190.00 131.00 103.00 143.00 167.00 221.00 140.00 126.00 178.00 179.00 203.00 181.00 200.00 196.00 139.00 108.00 157.00
171.00 180.00 134.00 133.00 105.00 136.00 97.00 134.00 148.00 182.00 123.00 113.00 85.00 148.00 157.00 143.00 45.00 115.00 106.00 136.00 150.00 130.00 193.00 138.00 140.00 172.00 160.00 206.00 177.00 130.00 167.00 163.00 113.00 153.00 90.00 184.00 127.00 142.00 99.00 52.00 115.00 88.00 134.00 158.00 108.00 168.00 173.00 223.00 190.00 176.00 135.00 119.00 68.00 0.00 93.00 119.00 93.00 105.00 75.00 85.00 117.00 152.00 218.00 209.00 190.00 225.00 213.00 127.00 114.00 187.00 152.00 150.00 142.00 118.00 131.00 149.00 210.00 130.00 138.00 136.00 141.00 199.00 201.00 122.00 63.00 35.00 81.00 105.00 168.00 112.00 98.00 150.00 171.00 175.00 140.00 191.00 247.00 190.00 159.00 208.00
78.00 108.00 154.00 155.00 160.00 191.00 152.00 148.00 162.00 168.00 109.00 99.00 71.00 134.00 143.00 204.00 138.00 161.00 161.00 149.00 135.00 154.00 193.00 138.00 136.00 104.00 181.00 113.00 84.00 100.00 191.00 130.00 180.00 170.00 145.00 173.00 113.00 134.00 192.00 145.00 113.00 68.00 114.00 138.00 136.00 196.00 160.00 210.00 196.00 174.00 159.00 143.00 161.00 93.00 0.00 37.00 63.00 92.00 130.00 140.00 172.00 190.00 250.00 198.00 179.00 218.00 230.00 155.00 144.00 174.00 139.00 137.00 129.00 211.00 190.00 155.00 216.00 189.00 197.00 191.00 101.00 159.00 172.00 152.00 93.00 121.00 167.00 188.00 224.00 143.00 157.00 209.00 184.00 118.00 47.00 98.00 173.00 186.00 155.00 166.00
115.00 145.00 134.00 133.00 123.00 154.00 115.00 111.00 125.00 131.00 72.00 62.00 34.00 97.00 106.00 167.00 115.00 124.00 124.00 138.00 124.00 148.00 211.00 156.00 158.00 141.00 145.00 150.00 121.00 63.00 154.00 167.00 162.00 196.00 108.00 136.00 76.00 97.00 183.00 139.00 76.00 31.00 77.00 101.00 99.00 159.00 123.00 173.00 159.00 137.00 153.00 137.00 177.00 119.00 37.00 0.00 26.00 55.00 93.00 103.00 135.00 153.00 219.00 227.00 208.00 216.00 204.00 118.00 107.00 137.00 102.00 100.00 92.00 188.00 157.00 118.00 179.00 179.00 187.00 154.00 90.00 148.00 161.00 115.00 56.00 84.00 130.00 154.00 217.00 161.00 147.00 194.00 173.00 155.00 84.00 135.00 210.00 184.00 153.00 202.00
102.00 132.00 108.00 107.00 97.00 128.00 89.00 85.00 99.00 105.00 46.00 36.00 8.00 71.00 80.00 141.00 89.00 98.00 98.00 112.00 98.00 122.00 185.00 130.00 132.00 116.00 119.00 125.00 96.00 37.00 128.00 142.00 136.00 170.00 82.00 110.00 50.00 71.00 157.00 113.00 50.00 5.00 51.00 75.00 73.00 133.00 97.00 147.00 133.00 111.00 127.00 111.00 151.00 93.00 63.00 26.00 0.00 29.00 67.00 77.00 109.00 127.00 193.00 201.00 182.00 190.00 178.00 92.00 81.00 111.00 76.00 74.00 66.00 162.00 131.00 92.00 153.00 153.00 161.00 128.00 64.00 122.00 135.00 89.00 30.00 58.00 104.00 128.00 191.00 135.00 121.00 168.00 147.00 181.00 110.00 161.00 215.00 158.00 127.00 176.00
131.00 125.00 79.00 78.00 68.00 99.00 60.00 99.00 113.00 134.00 75.00 65.00 37.00 100.00 109.00 158.00 60.00 127.00 69.00 99.00 113.00 93.00 156.00 101.00 103.00 135.00 105.00 154.00 125.00 66.00 157.00 157.00 123.00 141.00 53.00 139.00 79.00 100.00 172.00 142.00 79.00 34.00 80.00 104.00 71.00 113.00 68.00 118.00 143.00 121.00 98.00 82.00 165.00 105.00 92.00 55.00 29.00 0.00 38.00 48.00 80.00 115.00 181.00 172.00 153.00 188.00 176.00 90.00 110.00 112.00 47.00 45.00 37.00 133.00 141.00 121.00 182.00 144.00 136.00 99.00 93.00 151.00 164.00 118.00 59.00 87.00 133.00 131.00 194.00 164.00 150.00 139.00 134.00 193.00 139.00 155.00 210.00 153.00 122.00 171.00
123.00 105.00 59.00 58.00 30.00 61.00 22.00 61.00 75.00 159.00 113.00 103.00 75.00 133.00 132.00 196.00 98.00 125.00 31.00 61.00 75.00 55.00 118.00 63.00 65.00 97.00 85.00 146.00 117.00 104.00 177.00 119.00 103.00 103.00 15.00 109.00 117.00 133.00 134.00 127.00 117.00 72.00 118.00 110.00 33.00 93.00 106.00 156.00 123.00 101.00 60.00 44.00 127.00 75.00 130.00 93.00 67.00 38.00 0.00 10.00 42.00 77.00 143.00 134.00 115.00 150.00 138.00 52.00 124.00 150.00 85.00 83.00 75.00 146.00 103.00 142.00 203.00 124.00 116.00 61.00 109.00 163.00 150.00 156.00 97.00 110.00 135.00 111.00 174.00 150.00 136.00 101.00 96.00 155.00 140.00 117.00 172.00 115.00 84.00 133.00
125.00 95.00 49.00 48.00 20.00 51.00 12.00 51.00 65.00 149.00 117.00 113.00 85.00 123.00 122.00 193.00 108.00 115.00 21.00 51.00 65.00 45.00 127.00 73.00 75.00 107.00 75.00 156.00 127.00 114.00 187.00 128.00 93.00 93.00 5.00 99.00 113.00 123.00 124.00 137.00 127.00 82.00 128.00 120.00 43.00 103.00 116.00 157.00 113.00 91.00 50.00 34.00 117.00 85.00 140.00 103.00 77.00 48.00 10.00 0.00 32.00 67.00 133.00 124.00 105.00 144.00 148.00 62.00 134.00 160.00 95.00 93.00 85.00 136.00 93.00 132.00 193.00 114.00 106.00 51.00 99.00 153.00 140.00 166.00 107.00 120.00 125.00 101.00 164.00 140.00 126.00 91.00 86.00 145.00 130.00 107.00 181.00 124.00 93.00 142.00
157.00 127.00 81.00 80.00 52.00 83.00 44.00 83.00 97.00 181.00 148.00 145.00 117.00 155.00 154.00 193.00 140.00 147.00 53.00 83.00 97.00 77.00 159.00 105.00 107.00 139.00 107.00 188.00 159.00 146.00 215.00 160.00 125.00 125.00 37.00 131.00 144.00 123.00 156.00 169.00 159.00 114.00 160.00 152.00 75.00 135.00 148.00 189.00 145.00 123.00 82.00 66.00 149.00 117.00 172.00 135.00 109.00 80.00 42.00 32.00 0.00 67.00 133.00 92.00 73.00 112.00 124.00 94.00 166.00 192.00 127.00 125.00 117.00 168.00 125.00 164.00 225.00 146.00 138.00 83.00 131.00 185.00 172.00 198.00 139.00 152.00 157.00 133.00 196.00 172.00 158.00 123.00 118.00 134.00 162.00 139.00 193.00 156.00 125.00 174.00
168.00 138.00 92.00 91.00 63.00 94.00 55.00 94.00 108.00 140.00 81.00 91.00 119.00 166.00 165.00 126.00 153.00 83.00 64.00 94.00 108.00 112.00 194.00 140.00 142.00 174.00 118.00 203.00 174.00 164.00 148.00 171.00 136.00 148.00 62.00 137.00 77.00 56.00 145.00 192.00 167.00 122.00 168.00 147.00 110.00 170.00 183.00 200.00 156.00 134.00 117.00 101.00 160.00 152.00 190.00 153.00 127.00 115.00 77.00 67.00 67.00 0.00 66.00 118.00 137.00 176.00 188.00 119.00 191.00 207.00 142.00 140.00 132.00 203.00 160.00 199.00 247.00 157.00 149.00 108.00 91.00 149.00 162.00 200.00 141.00 169.00 168.00 144.00 207.00 159.00 173.00 134.00 129.00 96.00 145.00 150.00 224.00 167.00 136.00 185.00
219.00 189.00 143.00 142.00 114.00 83.00 121.00 160.00 174.00 206.00 147.00 157.00 185.00 190.00 181.00 192.00 219.00 149.00 130.00 160.00 174.00 168.00 250.00 206.00 208.00 197.00 169.00 246.00 217.00 173.00 82.00 171.00 187.00 184.00 128.00 203.00 143.00 122.00 211.00 258.00 233.00 188.00 234.00 213.00 176.00 236.00 249.00 266.00 207.00 185.00 141.00 157.00 226.00 218.00 250.00 219.00 193.00 181.00 143.00 133.00 133.00 66.00 0.00 52.00 71.00 110.00 122.00 170.00 135.00 208.00 193.00 191.00 183.00 259.00 216.00 255.00 298.00 208.00 200.00 174.00 157.00 215.00 228.00 245.00 186.00 214.00 219.00 195.00 258.00 195.00 209.00 200.00 195.00 132.00 203.00 201.00 191.00 223.00 192.00 241.00
182.00 212.00 173.00 172.00 144.00 135.00 136.00 136.00 150.00 234.00 199.00 209.00 209.00 213.00 204.00 244.00 232.00 201.00 145.00 175.00 189.00 116.00 198.00 197.00 197.00 208.00 189.00 217.00 188.00 225.00 134.00 213.00 172.00 132.00 129.00 223.00 195.00 174.00 248.00 261.00 245.00 206.00 252.00 244.00 167.00 227.00 240.00 242.00 195.00 173.00 89.00 105.00 190.00 209.00 198.00 227.00 201.00 172.00 134.00 124.00 92.00 118.00 52.00 0.00 19.00 58.00 70.00 156.00 187.00 260.00 219.00 217.00 209.00 207.00 164.00 203.00 264.00 189.00 197.00 175.00 205.00 238.00 225.00 290.00 231.00 220.00 174.00 180.00 224.00 143.00 157.00 209.00 155.00 80.00 151.00 202.00 139.00 196.00 178.00 227.00
163.00 193.00 154.00 153.00 125.00 154.00 117.00 155.00 169.00 253.00 204.00 214.00 190.00 228.00 223.00 263.00 213.00 220.00 126.00 156.00 170.00 135.00 217.00 178.00 180.00 189.00 180.00 198.00 169.00 219.00 153.00 203.00 153.00 113.00 110.00 204.00 200.00 193.00 229.00 242.00 231.00 187.00 233.00 225.00 148.00 208.00 221.00 230.00 214.00 192.00 108.00 124.00 209.00 190.00 179.00 208.00 182.00 153.00 115.00 105.00 73.00 137.00 71.00 19.00 0.00 39.00 51.00 137.00 206.00 265.00 200.00 198.00 190.00 214.00 171.00 189.00 250.00 170.00 178.00 156.00 186.00 244.00 244.00 271.00 212.00 201.00 155.00 161.00 205.00 124.00 138.00 190.00 136.00 61.00 132.00 183.00 120.00 177.00 197.00 246.00
202.00 173.00 127.00 126.00 154.00 185.00 156.00 194.00 197.00 281.00 226.00 216.00 188.00 201.00 200.00 280.00 248.00 259.00 165.00 195.00 209.00 174.00 245.00 190.00 188.00 220.00 153.00 237.00 208.00 227.00 192.00 204.00 171.00 152.00 149.00 243.00 230.00 232.00 268.00 277.00 230.00 185.00 218.00 194.00 117.00 177.00 222.00 191.00 191.00 169.00 147.00 163.00 248.00 225.00 218.00 216.00 190.00 188.00 150.00 144.00 112.00 176.00 110.00 58.00 39.00 0.00 12.00 98.00 170.00 242.00 177.00 175.00 167.00 253.00 210.00 228.00 282.00 192.00 184.00 195.00 225.00 283.00 272.00 269.00 210.00 238.00 194.00 179.00 242.00 163.00 177.00 229.00 175.00 100.00 171.00 156.00 81.00 138.00 169.00 218.00
191.00 161.00 115.00 114.00 142.00 173.00 150.00 189.00 192.00 273.00 214.00 204.00 176.00 189.00 188.00 268.00 236.00 253.00 159.00 189.00 203.00 186.00 240.00 185.00 183.00 215.00 141.00 226.00 197.00 215.00 204.00 199.00 159.00 164.00 153.00 247.00 218.00 239.00 262.00 265.00 218.00 173.00 206.00 182.00 105.00 165.00 210.00 203.00 179.00 157.00 159.00 175.00 255.00 213.00 230.00 204.00 178.00 176.00 138.00 148.00 124.00 188.00 122.00 70.00 51.00 12.00 0.00 86.00 158.00 230.00 165.00 163.00 155.00 251.00 222.00 240.00 270.00 180.00 172.00 199.00 232.00 280.00 267.00 257.00 198.00 226.00 191.00 167.00 230.00 175.00 189.00 229.00 187.00 112.00 183.00 168.00 93.00 150.00 164.00 213.00
105.00 75.00 29.00 28.00 56.00 87.00 64.00 103.00 106.00 187.00 128.00 118.00 90.00 103.00 102.00 182.00 150.00 167.00 73.00 103.00 117.00 107.00 154.00 99.00 97.00 129.00 55.00 140.00 111.00 129.00 125.00 113.00 73.00 113.00 67.00 161.00 132.00 153.00 176.00 179.00 132.00 87.00 120.00 96.00 19.00 79.00 124.00 162.00 93.00 71.00 112.00 96.00 169.00 127.00 155.00 118.00 92.00 90.00 52.00 62.00 94.00 119.00 170.00 156.00 137.00 98.00 86.00 0.00 72.00 144.00 79.00 77.00 69.00 165.00 155.00 173.00 184.00 94.00 86.00 113.00 146.00 194.00 181.00 171.00 112.00 140.00 105.00 81.00 144.00 136.00 122.00 143.00 138.00 165.00 136.00 143.00 166.00 109.00 78.00 127.00
177.00 147.00 101.00 100.00 128.00 159.00 136.00 150.00 164.00 170.00 111.00 101.00 73.00 55.00 46.00 146.00 159.00 163.00 145.00 151.00 137.00 179.00 226.00 171.00 169.00 168.00 93.00 188.00 177.00 118.00 53.00 142.00 145.00 185.00 139.00 175.00 115.00 136.00 196.00 166.00 121.00 76.00 122.00 146.00 91.00 151.00 178.00 192.00 99.00 77.00 161.00 168.00 182.00 114.00 144.00 107.00 81.00 110.00 124.00 134.00 166.00 191.00 135.00 187.00 206.00 170.00 158.00 72.00 0.00 73.00 138.00 140.00 141.00 218.00 175.00 163.00 224.00 166.00 158.00 185.00 129.00 187.00 189.00 110.00 51.00 79.00 125.00 149.00 212.00 156.00 142.00 194.00 186.00 219.00 183.00 215.00 238.00 181.00 150.00 199.00
139.00 163.00 117.00 116.00 144.00 175.00 152.00 191.00 194.00 216.00 157.00 147.00 119.00 128.00 119.00 219.00 172.00 209.00 161.00 191.00 205.00 205.00 242.00 187.00 185.00 153.00 143.00 162.00 133.00 74.00 126.00 179.00 161.00 201.00 159.00 221.00 161.00 182.00 264.00 224.00 161.00 116.00 162.00 186.00 163.00 223.00 180.00 230.00 172.00 150.00 210.00 194.00 221.00 187.00 174.00 137.00 111.00 112.00 150.00 160.00 192.00 207.00 208.00 260.00 265.00 242.00 230.00 144.00 73.00 0.00 65.00 67.00 75.00 171.00 214.00 203.00 264.00 182.00 174.00 205.00 173.00 231.00 244.00 183.00 124.00 152.00 193.00 169.00 232.00 224.00 210.00 231.00 226.00 241.00 170.00 221.00 254.00 197.00 166.00 215.00
128.00 98.00 52.00 51.00 79.00 110.00 87.00 126.00 129.00 181.00 122.00 112.00 84.00 126.00 125.00 205.00 107.00 174.00 96.00 126.00 140.00 140.00 177.00 122.00 120.00 152.00 78.00 163.00 134.00 113.00 191.00 136.00 96.00 136.00 94.00 186.00 126.00 147.00 199.00 189.00 126.00 81.00 127.00 151.00 98.00 158.00 115.00 165.00 116.00 94.00 145.00 129.00 156.00 152.00 139.00 102.00 76.00 47.00 85.00 95.00 127.00 142.00 193.00 219.00 200.00 177.00 165.00 79.00 138.00 65.00 0.00 2.00 10.00 106.00 149.00 168.00 207.00 117.00 109.00 140.00 140.00 198.00 204.00 165.00 106.00 134.00 128.00 104.00 167.00 159.00 145.00 166.00 161.00 188.00 159.00 166.00 189.00 132.00 101.00 150.00
126.00 96.00 50.00 49.00 77.00 108.00 85.00 124.00 127.00 179.00 120.00 110.00 82.00 124.00 123.00 203.00 105.00 172.00 94.00 124.00 138.00 138.00 175.00 120.00 118.00 150.00 76.00 161.00 132.00 111.00 193.00 134.00 94.00 134.00 92.00 184.00 124.00 145.00 197.00 187.00 124.00 79.00 125.00 149.00 96.00 156.00 113.00 163.00 114.00 92.00 143.00 127.00 154.00 150.00 137.00 100.00 74.00 45.00 83.00 93.00 125.00 140.00 191.00 217.00 198.00 175.00 163.00 77.00 140.00 67.00 2.00 0.00 8.00 104.00 147.00 166.00 205.00 115.00 107.00 138.00 138.00 196.00 202.00 163.00 104.00 132.00 126.00 102.00 165.00 157.00 143.00 164.00 159.00 186.00 157.00 164.00 187.00 130.00 99.00 148.00
118.00 88.00 42.00 41.00 69.00 100.00 77.00 116.00 119.00 171.00 112.00 102.00 74.00 116.00 115.00 195.00 97.00 164.00 86.00 116.00 130.00 130.00 167.00 112.00 110.00 142.00 68.00 153.00 124.00 103.00 194.00 126.00 86.00 126.00 84.00 176.00 116.00 137.00 189.00 179.00 116.00 71.00 117.00 141.00 88.00 148.00 105.00 155.00 106.00 84.00 135.00 119.00 146.00 142.00 129.00 92.00 66.00 37.00 75.00 85.00 117.00 132.00 183.00 209.00 190.00 167.00 155.00 69.00 141.00 75.00 10.00 8.00 0.00 96.00 139.00 158.00 197.00 107.00 99.00 130.00 130.00 188.00 194.00 155.00 96.00 124.00 118.00 94.00 157.00 149.00 135.00 156.00 151.00 178.00 149.00 156.00 179.00 122.00 91.00 140.00
214.00 184.00 138.00 137.00 156.00 187.00 148.00 116.00 130.00 214.00 195.00 198.00 170.00 212.00 211.00 212.00 163.00 143.00 157.00 187.00 178.00 91.00 173.00 179.00 177.00 201.00 164.00 249.00 220.00 199.00 264.00 175.00 125.00 165.00 141.00 235.00 191.00 170.00 171.00 170.00 124.00 167.00 213.00 204.00 179.00 239.00 201.00 222.00 202.00 180.00 118.00 102.00 50.00 118.00 211.00 188.00 162.00 133.00 146.00 136.00 168.00 203.00 259.00 207.00 214.00 253.00 251.00 165.00 218.00 171.00 106.00 104.00 96.00 0.00 43.00 82.00 143.00 108.00 116.00 160.00 205.00 218.00 205.00 226.00 167.00 139.00 93.00 117.00 171.00 90.00 76.00 128.00 192.00 153.00 186.00 237.00 246.00 189.00 158.00 207.00
174.00 174.00 128.00 127.00 113.00 144.00 105.00 90.00 104.00 188.00 152.00 157.00 129.00 192.00 190.00 169.00 170.00 100.00 114.00 144.00 135.00 48.00 130.00 153.00 151.00 158.00 154.00 207.00 178.00 168.00 221.00 132.00 82.00 122.00 98.00 192.00 148.00 127.00 128.00 144.00 81.00 126.00 172.00 161.00 136.00 196.00 209.00 196.00 159.00 159.00 75.00 59.00 93.00 131.00 190.00 157.00 131.00 141.00 103.00 93.00 125.00 160.00 216.00 164.00 171.00 210.00 222.00 155.00 175.00 214.00 149.00 147.00 139.00 43.00 0.00 39.00 100.00 65.00 73.00 117.00 162.00 192.00 179.00 183.00 124.00 96.00 50.00 74.00 128.00 47.00 33.00 85.00 149.00 110.00 143.00 194.00 220.00 163.00 132.00 181.00
192.00 192.00 146.00 145.00 152.00 183.00 144.00 129.00 143.00 187.00 128.00 118.00 90.00 153.00 162.00 187.00 181.00 139.00 153.00 162.00 148.00 87.00 169.00 192.00 190.00 176.00 172.00 217.00 188.00 129.00 216.00 150.00 100.00 140.00 137.00 192.00 132.00 153.00 89.00 105.00 42.00 87.00 133.00 122.00 155.00 215.00 189.00 235.00 177.00 188.00 114.00 98.00 132.00 149.00 155.00 118.00 92.00 121.00 142.00 132.00 164.00 199.00 255.00 203.00 189.00 228.00 240.00 173.00 163.00 203.00 168.00 166.00 158.00 82.00 39.00 0.00 61.00 83.00 91.00 135.00 146.00 204.00 217.00 171.00 112.00 114.00 68.00 92.00 146.00 65.00 51.00 103.00 167.00 128.00 161.00 212.00 259.00 202.00 171.00 220.00
231.00 201.00 155.00 156.00 184.00 215.00 192.00 190.00 204.00 248.00 189.00 179.00 151.00 214.00 223.00 194.00 242.00 200.00 201.00 223.00 209.00 148.00 230.00 225.00 223.00 237.00 183.00 266.00 237.00 190.00 277.00 211.00 161.00 201.00 198.00 253.00 193.00 214.00 150.00 166.00 103.00 148.00 194.00 183.00 203.00 263.00 250.00 288.00 221.00 199.00 175.00 159.00 193.00 210.00 216.00 179.00 153.00 182.00 203.00 193.00 225.00 247.00 298.00 264.00 250.00 282.00 270.00 184.00 224.00 264.00 207.00 205.00 197.00 143.00 100.00 61.00 0.00 90.00 98.00 156.00 207.00 265.00 278.00 232.00 173.00 175.00 129.00 153.00 207.00 126.00 112.00 164.00 228.00 189.00 222.00 271.00 292.00 235.00 204.00 253.00
141.00 111.00 65.00 66.00 94.00 125.00 102.00 141.00 142.00 226.00 175.00 173.00 145.00 141.00 140.00 104.00 175.00 165.00 111.00 141.00 155.00 113.00 190.00 135.00 133.00 157.00 93.00 176.00 147.00 190.00 219.00 131.00 81.00 121.00 109.00 203.00 171.00 174.00 172.00 182.00 125.00 148.00 194.00 190.00 113.00 173.00 212.00 198.00 131.00 109.00 140.00 124.00 158.00 130.00 189.00 179.00 153.00 144.00 124.00 114.00 146.00 157.00 208.00 189.00 170.00 192.00 180.00 94.00 166.00 182.00 117.00 115.00 107.00 108.00 65.00 83.00 90.00 0.00 8.00 66.00 157.00 215.00 217.00 182.00 123.00 95.00 49.00 73.00 127.00 46.00 32.00 84.00 148.00 109.00 142.00 181.00 202.00 145.00 114.00 163.00
133.00 103.00 57.00 58.00 86.00 117.00 94.00 133.00 134.00 218.00 167.00 177.00 153.00 133.00 132.00 96.00 183.00 173.00 103.00 133.00 147.00 121.00 182.00 127.00 125.00 157.00 85.00 168.00 139.00 198.00 211.00 139.00 89.00 129.00 101.00 195.00 163.00 166.00 180.00 190.00 133.00 156.00 202.00 182.00 105.00 165.00 204.00 190.00 123.00 101.00 148.00 132.00 166.00 138.00 197.00 187.00 161.00 136.00 116.00 106.00 138.00 149.00 200.00 197.00 178.00 184.00 172.00 86.00 158.00 174.00 109.00 107.00 99.00 116.00 73.00 91.00 98.00 8.00 0.00 58.00 149.00 207.00 209.00 190.00 131.00 103.00 57.00 81.00 135.00 54.00 40.00 92.00 156.00 117.00 150.00 173.00 194.00 137.00 106.00 155.00
166.00 136.00 90.00 89.00 61.00 92.00 53.00 92.00 106.00 168.00 109.00 119.00 136.00 164.00 163.00 154.00 159.00 153.00 62.00 92.00 106.00 96.00 178.00 124.00 126.00 158.00 116.00 201.00 172.00 165.00 238.00 169.00 133.00 134.00 46.00 140.00 105.00 126.00 165.00 188.00 177.00 133.00 179.00 171.00 94.00 154.00 167.00 198.00 154.00 132.00 101.00 85.00 158.00 136.00 191.00 154.00 128.00 99.00 61.00 51.00 83.00 108.00 174.00 175.00 156.00 195.00 199.00 113.00 185.00 205.00 140.00 138.00 130.00 160.00 117.00 135.00 156.00 66.00 58.00 0.00 91.00 149.00 162.00 217.00 158.00 147.00 101.00 125.00 179.00 98.00 84.00 132.00 127.00 161.00 145.00 148.00 222.00 165.00 134.00 183.00
85.00 115.00 124.00 123.00 95.00 126.00 87.00 126.00 140.00 77.00 18.00 28.00 56.00 116.00 125.00 105.00 132.00 62.00 78.00 48.00 34.00 121.00 200.00 145.00 143.00 111.00 150.00 120.00 91.00 99.00 182.00 137.00 168.00 177.00 94.00 74.00 14.00 35.00 93.00 140.00 104.00 59.00 105.00 84.00 127.00 187.00 161.00 211.00 178.00 156.00 148.00 132.00 192.00 141.00 101.00 90.00 64.00 93.00 109.00 99.00 131.00 91.00 157.00 205.00 186.00 225.00 232.00 146.00 129.00 173.00 140.00 138.00 130.00 205.00 162.00 146.00 207.00 157.00 149.00 91.00 0.00 58.00 71.00 137.00 78.00 106.00 152.00 176.00 231.00 150.00 164.00 147.00 83.00 125.00 54.00 105.00 180.00 193.00 162.00 173.00
143.00 173.00 165.00 166.00 149.00 180.00 141.00 102.00 88.00 135.00 76.00 86.00 114.00 174.00 183.00 163.00 190.00 120.00 136.00 106.00 92.00 144.00 192.00 137.00 135.00 167.00 193.00 178.00 149.00 157.00 240.00 151.00 201.00 235.00 148.00 132.00 72.00 93.00 151.00 198.00 162.00 117.00 163.00 142.00 185.00 245.00 219.00 180.00 198.00 209.00 149.00 133.00 168.00 199.00 159.00 148.00 122.00 151.00 163.00 153.00 185.00 149.00 215.00 238.00 244.00 283.00 280.00 194.00 187.00 231.00 198.00 196.00 188.00 218.00 192.00 204.00 265.00 215.00 207.00 149.00 58.00 0.00 13.00 92.00 136.00 164.00 210.00 209.00 272.00 208.00 222.00 205.00 141.00 183.00 112.00 163.00 204.00 147.00 116.00 165.00
156.00 186.00 152.00 153.00 136.00 167.00 128.00 89.00 75.00 148.00 89.00 99.00 127.00 187.00 196.00 176.00 203.00 133.00 137.00 119.00 105.00 131.00 179.00 124.00 122.00 154.00 180.00 191.00 162.00 170.00 227.00 138.00 188.00 223.00 135.00 145.00 85.00 106.00 164.00 211.00 175.00 130.00 176.00 155.00 183.00 243.00 217.00 167.00 185.00 196.00 136.00 120.00 155.00 201.00 172.00 161.00 135.00 164.00 150.00 140.00 172.00 162.00 228.00 225.00 244.00 272.00 267.00 181.00 189.00 244.00 204.00 202.00 194.00 205.00 179.00 217.00 278.00 217.00 209.00 162.00 71.00 13.00 0.00 79.00 138.00 166.00 212.00 196.00 259.00 221.00 212.00 207.00 154.00 196.00 125.00 176.00 191.00 134.00 103.00 152.00
191.00 221.00 197.00 196.00 186.00 217.00 178.00 158.00 154.00 178.00 119.00 109.00 81.00 144.00 153.00 214.00 167.00 171.00 187.00 185.00 171.00 200.00 258.00 203.00 201.00 205.00 192.00 214.00 185.00 126.00 163.00 215.00 165.00 205.00 171.00 183.00 123.00 144.00 221.00 174.00 129.00 84.00 130.00 154.00 152.00 212.00 186.00 236.00 206.00 184.00 205.00 189.00 190.00 122.00 152.00 115.00 89.00 118.00 156.00 166.00 198.00 200.00 245.00 290.00 271.00 269.00 257.00 171.00 110.00 183.00 165.00 163.00 155.00 226.00 183.00 171.00 232.00 182.00 190.00 217.00 137.00 92.00 79.00 0.00 59.00 87.00 133.00 157.00 220.00 164.00 150.00 202.00 220.00 227.00 191.00 242.00 270.00 213.00 182.00 231.00
132.00 162.00 138.00 137.00 127.00 158.00 119.00 99.00 113.00 119.00 60.00 50.00 22.00 85.00 94.00 155.00 108.00 112.00 128.00 126.00 112.00 141.00 215.00 160.00 160.00 146.00 133.00 155.00 126.00 67.00 104.00 156.00 106.00 146.00 112.00 124.00 64.00 85.00 162.00 115.00 70.00 25.00 71.00 95.00 93.00 153.00 127.00 177.00 147.00 125.00 146.00 130.00 131.00 63.00 93.00 56.00 30.00 59.00 97.00 107.00 139.00 141.00 186.00 231.00 212.00 210.00 198.00 112.00 51.00 124.00 106.00 104.00 96.00 167.00 124.00 112.00 173.00 123.00 131.00 158.00 78.00 136.00 138.00 59.00 0.00 28.00 74.00 98.00 161.00 105.00 91.00 143.00 161.00 168.00 132.00 183.00 229.00 172.00 141.00 190.00
160.00 170.00 124.00 123.00 140.00 171.00 132.00 127.00 141.00 147.00 88.00 78.00 50.00 113.00 122.00 178.00 80.00 140.00 141.00 154.00 140.00 144.00 226.00 173.00 175.00 154.00 150.00 183.00 154.00 95.00 132.00 128.00 78.00 118.00 125.00 152.00 92.00 113.00 134.00 87.00 98.00 53.00 99.00 123.00 121.00 181.00 155.00 205.00 155.00 153.00 170.00 154.00 103.00 35.00 121.00 84.00 58.00 87.00 110.00 120.00 152.00 169.00 214.00 220.00 201.00 238.00 226.00 140.00 79.00 152.00 134.00 132.00 124.00 139.00 96.00 114.00 175.00 95.00 103.00 147.00 106.00 164.00 166.00 87.00 28.00 0.00 46.00 70.00 133.00 77.00 63.00 115.00 179.00 140.00 160.00 211.00 251.00 194.00 163.00 212.00
134.00 124.00 78.00 77.00 105.00 136.00 113.00 140.00 145.00 193.00 134.00 124.00 96.00 152.00 151.00 153.00 126.00 150.00 122.00 152.00 166.00 98.00 180.00 138.00 136.00 108.00 104.00 157.00 128.00 141.00 171.00 82.00 32.00 72.00 120.00 198.00 138.00 159.00 157.00 133.00 110.00 99.00 145.00 169.00 124.00 184.00 201.00 201.00 109.00 120.00 125.00 109.00 143.00 81.00 167.00 130.00 104.00 133.00 135.00 125.00 157.00 168.00 219.00 174.00 155.00 194.00 191.00 105.00 125.00 193.00 128.00 126.00 118.00 93.00 50.00 68.00 129.00 49.00 57.00 101.00 152.00 210.00 212.00 133.00 74.00 46.00 0.00 24.00 87.00 31.00 17.00 69.00 133.00 94.00 127.00 178.00 205.00 148.00 117.00 166.00
110.00 100.00 54.00 53.00 81.00 112.00 89.00 128.00 121.00 205.00 158.00 148.00 120.00 128.00 127.00 177.00 150.00 174.00 98.00 128.00 142.00 122.00 169.00 114.00 112.00 84.00 80.00 133.00 104.00 163.00 147.00 58.00 8.00 48.00 96.00 190.00 162.00 183.00 181.00 157.00 134.00 123.00 169.00 177.00 100.00 160.00 199.00 177.00 85.00 96.00 149.00 133.00 167.00 105.00 188.00 154.00 128.00 131.00 111.00 101.00 133.00 144.00 195.00 180.00 161.00 179.00 167.00 81.00 149.00 169.00 104.00 102.00 94.00 117.00 74.00 92.00 153.00 73.00 81.00 125.00 176.00 209.00 196.00 157.00 98.00 70.00 24.00 0.00 63.00 55.00 41.00 93.00 157.00 100.00 141.00 168.00 181.00 124.00 93.00 142.00
173.00 163.00 117.00 116.00 144.00 175.00 152.00 191.00 184.00 268.00 221.00 211.00 183.00 191.00 190.00 231.00 213.00 228.00 161.00 191.00 205.00 176.00 232.00 177.00 175.00 147.00 143.00 196.00 167.00 226.00 210.00 121.00 71.00 111.00 159.00 253.00 225.00 246.00 235.00 220.00 188.00 186.00 232.00 240.00 163.00 223.00 262.00 240.00 148.00 159.00 203.00 187.00 221.00 168.00 224.00 217.00 191.00 194.00 174.00 164.00 196.00 207.00 258.00 224.00 205.00 242.00 230.00 144.00 212.00 232.00 167.00 165.00 157.00 171.00 128.00 146.00 207.00 127.00 135.00 179.00 231.00 272.00 259.00 220.00 161.00 133.00 87.00 63.00 0.00 81.00 95.00 147.00 211.00 144.00 177.00 228.00 244.00 187.00 156.00 205.00
127.00 155.00 109.00 108.00 136.00 167.00 144.00 137.00 151.00 224.00 165.00 155.00 127.00 183.00 182.00 150.00 157.00 147.00 136.00 165.00 179.00 95.00 177.00 169.00 167.00 139.00 135.00 162.00 133.00 172.00 202.00 113.00 63.00 103.00 144.00 224.00 164.00 174.00 154.00 164.00 107.00 130.00 176.00 187.00 155.00 215.00 232.00 232.00 140.00 151.00 122.00 106.00 140.00 112.00 143.00 161.00 135.00 164.00 150.00 140.00 172.00 159.00 195.00 143.00 124.00 163.00 175.00 136.00 156.00 224.00 159.00 157.00 149.00 90.00 47.00 65.00 126.00 46.00 54.00 98.00 150.00 208.00 221.00 164.00 105.00 77.00 31.00 55.00 81.00 0.00 14.00 66.00 130.00 63.00 96.00 147.00 222.00 179.00 148.00 197.00
141.00 141.00 95.00 94.00 122.00 153.00 130.00 123.00 137.00 210.00 151.00 141.00 113.00 169.00 168.00 136.00 143.00 133.00 122.00 151.00 165.00 81.00 163.00 155.00 153.00 125.00 121.00 174.00 145.00 158.00 188.00 99.00 49.00 89.00 130.00 215.00 155.00 160.00 140.00 150.00 93.00 116.00 162.00 173.00 141.00 201.00 218.00 218.00 126.00 137.00 108.00 92.00 126.00 98.00 157.00 147.00 121.00 150.00 136.00 126.00 158.00 173.00 209.00 157.00 138.00 177.00 189.00 122.00 142.00 210.00 145.00 143.00 135.00 76.00 33.00 51.00 112.00 32.00 40.00 84.00 164.00 222.00 212.00 150.00 91.00 63.00 17.00 41.00 95.00 14.00 0.00 52.00 116.00 77.00 110.00 161.00 222.00 165.00 134.00 183.00
192.00 162.00 116.00 115.00 87.00 118.00 79.00 118.00 132.00 216.00 165.00 175.00 165.00 190.00 189.00 188.00 195.00 164.00 70.00 99.00 113.00 133.00 215.00 164.00 166.00 177.00 142.00 226.00 197.00 205.00 240.00 151.00 101.00 141.00 86.00 180.00 161.00 182.00 172.00 202.00 145.00 168.00 214.00 211.00 134.00 194.00 207.00 224.00 178.00 158.00 141.00 125.00 178.00 150.00 209.00 194.00 168.00 139.00 101.00 91.00 123.00 134.00 200.00 209.00 190.00 229.00 229.00 143.00 194.00 231.00 166.00 164.00 156.00 128.00 85.00 103.00 164.00 84.00 92.00 132.00 147.00 205.00 207.00 202.00 143.00 115.00 69.00 93.00 147.00 66.00 52.00 0.00 64.00 129.00 162.00 174.00 248.00 191.00 160.00 209.00
168.00 157.00 111.00 110.00 82.00 113.00 74.00 113.00 127.00 160.00 101.00 111.00 139.00 131.00 140.00 188.00 194.00 145.00 65.00 35.00 49.00 131.00 213.00 159.00 161.00 193.00 137.00 203.00 174.00 182.00 239.00 190.00 155.00 127.00 81.00 157.00 97.00 118.00 108.00 155.00 187.00 142.00 188.00 167.00 129.00 189.00 202.00 219.00 175.00 153.00 136.00 120.00 179.00 171.00 184.00 173.00 147.00 134.00 96.00 86.00 118.00 129.00 195.00 155.00 136.00 175.00 187.00 138.00 186.00 226.00 161.00 159.00 151.00 192.00 149.00 167.00 228.00 148.00 156.00 127.00 83.00 141.00 154.00 220.00 161.00 179.00 133.00 157.00 211.00 130.00 116.00 64.00 0.00 75.00 137.00 169.00 243.00 186.00 155.00 204.00
102.00 132.00 138.00 137.00 155.00 186.00 147.00 186.00 200.00 202.00 143.00 153.00 181.00 206.00 211.00 213.00 220.00 179.00 140.00 110.00 124.00 158.00 217.00 162.00 160.00 128.00 164.00 137.00 108.00 167.00 214.00 142.00 92.00 52.00 140.00 199.00 139.00 152.00 183.00 227.00 170.00 184.00 230.00 209.00 184.00 244.00 261.00 261.00 169.00 180.00 169.00 167.00 203.00 175.00 118.00 155.00 181.00 193.00 155.00 145.00 134.00 96.00 132.00 80.00 61.00 100.00 112.00 165.00 219.00 241.00 188.00 186.00 178.00 153.00 110.00 128.00 189.00 109.00 117.00 161.00 125.00 183.00 196.00 227.00 168.00 140.00 94.00 100.00 144.00 63.00 77.00 129.00 75.00 0.00 71.00 122.00 181.00 208.00 177.00 190.00
31.00 61.00 107.00 108.00 136.00 167.00 141.00 127.00 136.00 131.00 72.00 82.00 110.00 170.00 179.00 159.00 185.00 116.00 132.00 102.00 88.00 107.00 146.00 91.00 89.00 57.00 134.00 66.00 37.00 96.00 172.00 83.00 133.00 123.00 135.00 128.00 68.00 89.00 147.00 192.00 158.00 113.00 159.00 138.00 155.00 215.00 207.00 192.00 172.00 150.00 112.00 96.00 181.00 140.00 47.00 84.00 110.00 139.00 140.00 130.00 162.00 145.00 203.00 151.00 132.00 171.00 183.00 136.00 183.00 170.00 159.00 157.00 149.00 186.00 143.00 161.00 222.00 142.00 150.00 145.00 54.00 112.00 125.00 191.00 132.00 160.00 127.00 141.00 177.00 96.00 110.00 162.00 137.00 71.00 0.00 51.00 126.00 139.00 108.00 119.00
82.00 112.00 116.00 115.00 87.00 118.00 95.00 134.00 148.00 182.00 123.00 133.00 161.00 190.00 189.00 210.00 215.00 167.00 104.00 134.00 139.00 152.00 197.00 142.00 140.00 108.00 142.00 117.00 88.00 147.00 223.00 134.00 160.00 174.00 102.00 179.00 119.00 140.00 198.00 243.00 209.00 164.00 210.00 189.00 150.00 210.00 223.00 185.00 180.00 158.00 157.00 141.00 200.00 191.00 98.00 135.00 161.00 155.00 117.00 107.00 139.00 150.00 201.00 202.00 183.00 156.00 168.00 143.00 215.00 221.00 166.00 164.00 156.00 237.00 194.00 212.00 271.00 181.00 173.00 148.00 105.00 163.00 176.00 242.00 183.00 211.00 178.00 168.00 228.00 147.00 161.00 174.00 169.00 122.00 51.00 0.00 75.00 132.00 159.00 170.00
157.00 183.00 137.00 138.00 162.00 193.00 169.00 130.00 116.00 200.00 198.00 208.00 207.00 213.00 212.00 285.00 270.00 242.00 178.00 208.00 214.00 172.00 164.00 109.00 107.00 139.00 165.00 188.00 159.00 218.00 212.00 123.00 173.00 213.00 176.00 254.00 194.00 215.00 273.00 299.00 255.00 210.00 256.00 262.00 185.00 205.00 160.00 110.00 203.00 181.00 177.00 161.00 196.00 247.00 173.00 210.00 215.00 210.00 172.00 181.00 193.00 224.00 191.00 139.00 120.00 81.00 93.00 166.00 238.00 254.00 189.00 187.00 179.00 246.00 220.00 259.00 292.00 202.00 194.00 222.00 180.00 204.00 191.00 270.00 229.00 251.00 205.00 181.00 244.00 222.00 222.00 248.00 243.00 181.00 126.00 75.00 0.00 57.00 88.00 137.00
108.00 126.00 80.00 81.00 109.00 140.00 112.00 73.00 59.00 143.00 188.00 178.00 150.00 156.00 155.00 233.00 213.00 215.00 121.00 151.00 165.00 115.00 107.00 52.00 50.00 82.00 108.00 131.00 102.00 161.00 155.00 66.00 116.00 156.00 119.00 213.00 192.00 213.00 224.00 242.00 198.00 153.00 199.00 205.00 128.00 148.00 103.00 53.00 146.00 124.00 120.00 104.00 139.00 190.00 186.00 184.00 158.00 153.00 115.00 124.00 156.00 167.00 223.00 196.00 177.00 138.00 150.00 109.00 181.00 197.00 132.00 130.00 122.00 189.00 163.00 202.00 235.00 145.00 137.00 165.00 193.00 147.00 134.00 213.00 172.00 194.00 148.00 124.00 187.00 179.00 165.00 191.00 186.00 208.00 139.00 132.00 57.00 0.00 31.00 80.00
77.00 95.00 49.00 50.00 78.00 109.00 81.00 42.00 28.00 112.00 157.00 147.00 119.00 125.00 124.00 202.00 182.00 184.00 90.00 120.00 134.00 84.00 76.00 21.00 19.00 51.00 77.00 100.00 71.00 130.00 124.00 35.00 85.00 125.00 88.00 182.00 161.00 182.00 193.00 211.00 167.00 122.00 168.00 174.00 97.00 157.00 134.00 84.00 115.00 93.00 89.00 73.00 108.00 159.00 155.00 153.00 127.00 122.00 84.00 93.00 125.00 136.00 192.00 178.00 197.00 169.00 164.00 78.00 150.00 166.00 101.00 99.00 91.00 158.00 132.00 171.00 204.00 114.00 106.00 134.00 162.00 116.00 103.00 182.00 141.00 163.00 117.00 93.00 156.00 148.00 134.00 160.00 155.00 177.00 108.00 159.00 88.00 31.00 0.00 49.00
88.00 118.00 98.00 99.00 127.00 158.00 130.00 91.00 77.00 161.00 191.00 196.00 168.00 174.00 173.00 251.00 231.00 233.00 139.00 169.00 183.00 133.00 125.00 70.00 68.00 100.00 126.00 123.00 94.00 153.00 173.00 84.00 134.00 174.00 137.00 231.00 187.00 208.00 242.00 260.00 216.00 171.00 217.00 223.00 146.00 206.00 183.00 133.00 164.00 142.00 138.00 122.00 157.00 208.00 166.00 202.00 176.00 171.00 133.00 142.00 174.00 185.00 241.00 227.00 246.00 218.00 213.00 127.00 199.00 215.00 150.00 148.00 140.00 207.00 181.00 220.00 253.00 163.00 155.00 183.00 173.00 165.00 152.00 231.00 190.00 212.00 166.00 142.00 205.00 197.00 183.00 209.00 204.00 190.00 119.00 170.00 137.00 80.00 49.00 0.00
