

Instance: ../Instances/TSP/lin318.tsp
RKO: GA | GA | GA | GA | 
Sol: 0.382 0.515 0.612 0.569 0.737 0.601 0.213 0.581 0.841 0.548 0.076 0.391 0.478 0.619 0.357 0.497 0.016 0.110 0.541 0.609 0.631 0.580 0.101 0.792 0.898 0.453 0.929 0.229 0.709 0.195 0.498 0.839 0.860 0.157 0.390 0.530 0.952 0.730 0.931 0.881 0.298 0.766 0.758 0.253 0.843 0.311 0.143 0.563 0.065 0.988 0.874 0.777 0.318 0.513 0.588 0.653 0.068 0.587 0.742 0.936 0.174 0.466 0.370 0.543 0.884 0.334 0.734 0.230 0.380 0.886 0.782 0.419 0.207 0.599 0.172 0.294 0.020 0.004 0.481 0.309 0.836 0.713 0.779 0.355 0.159 0.883 0.940 0.915 0.471 0.386 0.184 0.843 0.412 0.864 0.782 0.176 0.558 0.579 0.916 0.396 0.214 0.306 0.252 0.853 0.611 0.129 0.054 0.188 0.330 0.615 0.400 0.263 0.633 0.032 0.578 0.360 0.979 0.673 0.266 0.744 0.371 0.668 0.085 0.801 0.179 0.336 0.308 0.718 0.404 0.235 0.204 0.987 0.089 0.878 0.823 0.203 0.487 0.439 0.816 0.466 0.928 0.991 0.819 0.124 0.408 0.050 0.949 0.680 0.325 0.237 0.435 0.982 0.686 0.064 0.626 0.867 0.075 0.344 0.089 0.124 0.694 0.817 0.154 0.883 0.516 0.045 0.373 0.972 0.015 0.642 0.422 0.715 0.378 0.367 0.158 0.609 0.581 0.336 0.780 0.116 0.505 0.249 0.114 0.335 0.758 0.406 0.668 0.643 0.385 0.132 0.528 0.865 0.296 0.091 0.774 0.530 0.467 0.919 0.165 0.462 0.966 0.773 0.978 0.919 0.048 0.277 0.201 0.254 0.779 0.927 0.720 0.279 0.129 0.532 0.772 0.371 0.647 0.500 0.534 0.784 0.521 0.415 0.109 0.197 0.319 0.384 0.500 0.504 0.749 0.651 0.393 0.353 0.007 0.929 0.203 0.077 0.717 0.031 0.968 0.025 0.522 0.111 0.338 0.876 0.612 0.882 0.693 0.093 0.329 0.643 0.737 0.928 0.677 0.250 0.721 0.217 0.246 0.680 0.179 0.171 0.798 0.547 0.425 0.113 0.925 0.854 0.718 0.630 0.384 0.389 0.547 0.194 0.416 0.620 0.620 0.649 0.798 0.604 0.337 0.243 0.334 0.882 0.514 0.000 0.778 0.478 0.932 0.363 0.232 0.891 0.066 0.714 0.390 0.807 0.530 0.477 0.855 0.759 0.378 0.124 0.789 0.557 0.717 0.597 0.814 0.915 0.526 0.118 0.224 0.049 0.835 0.997 0.024 0.633 0.947 0.611 0.893 0.254 
ofv: 1101.000000
Best time: 8.722
Total time:30.005 


Instance: ../Instances/TSP/kroA100.tsp
RKO: GA | GA | GA | GA | 
Sol: 0.767 0.472 0.667 0.087 0.088 0.268 0.281 0.891 0.444 0.723 0.421 0.928 0.779 0.312 0.470 0.396 0.445 0.252 0.451 0.703 0.238 0.904 0.783 0.754 0.019 0.601 0.282 0.483 0.164 0.410 0.758 0.500 0.352 0.363 0.228 0.072 0.967 0.523 0.707 0.422 0.873 0.133 0.984 0.620 0.265 0.756 0.099 0.072 0.728 0.458 0.582 0.064 0.451 0.650 0.665 0.691 0.601 0.781 0.227 0.253 0.651 0.178 0.421 0.631 0.522 0.099 0.628 0.604 0.455 0.215 0.454 0.261 0.570 0.044 0.049 0.208 0.243 0.012 0.457 0.728 0.806 0.559 0.011 0.452 0.975 0.754 0.912 0.895 0.698 0.465 0.836 0.106 0.305 0.268 0.084 0.615 0.749 0.822 0.368 0.870 
ofv: 896.000000
Best time: 0.972
Total time:30.001 
